%YAML:1.0
---
model_type: PINHOLE
camera_name: camera
image_width: 640
image_height: 400
distortion_parameters:
   k1: 0
   k2: 0
   p1: 0
   p2: 0
projection_parameters:
   fx: 403.5362854003906
   fy: 403.4488830566406
   cx: 323.534423828125
   cy: 203.87405395507812
